1-on-start dgx1 712568 4769738 715387001 16359 1425644 1790957246.985937371
1-on-start dgx2 791512 5645399 721863435 12975 1234156 1790957247.257732585
1-on-start dgx3 902704 6553249 722060638 9022 1104868 1790957247.532707614
1-on-end dgx1 1114371 8399619 746469649 16737 1472836 1790957436.276682366
1-on-end dgx2 1274955 9917981 758754139 13242 1269820 1790957436.571541355
1-on-end dgx3 1413022 11043097 760904950 9247 1136212 1790957436.850458274
2-off-start dgx1 1204456 8489906 747191945 16813 1482132 1790957445.849769721
2-off-start dgx2 1371967 10015230 759532131 13259 1278252 1790957446.131154440
2-off-start dgx3 1509785 11140171 761681542 9286 1144556 1790957446.415695685
2-off-end dgx1 3007401 12125932 778326025 17235 1529388 1790957636.119483510
2-off-end dgx2 3526081 14294887 796632187 13553 1315260 1790957636.400467790
2-off-end dgx3 3804534 15637239 800586646 9501 1173692 1790957636.679666712
3-on-start dgx1 3037640 12161064 778607081 17255 1538660 1790957645.678181400
3-on-start dgx2 3557259 14330997 796921067 13584 1331508 1790957645.957749445
3-on-start dgx3 3836535 15674135 800881814 9551 1189796 1790957646.246622447
3-on-end dgx1 3421010 15799985 809763849 17718 1591572 1790957835.287598636
3-on-end dgx2 4043921 18610408 833870787 13853 1368348 1790957835.556346421
3-on-end dgx3 4348519 20170923 839782790 9780 1221108 1790957835.834941463
